%  columns="iteration, evaluation, sigma, axis ratio, bestever, best, median, worst fitness function value, further objective values of best" (startseed=214003, 2025/05/27 16:46:21.03)
1 21 9.593541e-01 1.011674e+03 -1.848000000000000000e+03 -1.848000000000000000e+03 -7.860000000000000000e+02  0.000000000000000000e+00
2 41 9.067916e-01 1.013245e+03 -1.982000000000000000e+03 -1.982000000000000000e+03 -1.590000000000000000e+03  0.000000000000000000e+00
3 61 8.388305e-01 1.024839e+03 -1.982000000000000000e+03 -1.800000000000000000e+03 -1.506000000000000000e+03  0.000000000000000000e+00
4 81 7.832205e-01 1.025621e+03 -2.100000000000000000e+03 -2.100000000000000000e+03 -1.445000000000000000e+03  0.000000000000000000e+00
5 101 7.397625e-01 1.018337e+03 -2.100000000000000000e+03 -2.094000000000000000e+03 -1.800000000000000000e+03  0.000000000000000000e+00
6 121 7.209489e-01 1.021870e+03 -2.200000000000000000e+03 -2.200000000000000000e+03 -1.800000000000000000e+03 -7.380000000000000000e+02
7 141 7.229863e-01 1.020913e+03 -2.200000000000000000e+03 -1.980000000000000000e+03 -1.800000000000000000e+03  0.000000000000000000e+00
8 161 7.430285e-01 1.019543e+03 -2.200000000000000000e+03 -1.974000000000000000e+03 -1.800000000000000000e+03 -7.140000000000000000e+02
9 181 7.679014e-01 1.016866e+03 -2.200000000000000000e+03 -2.052000000000000000e+03 -1.842000000000000000e+03  0.000000000000000000e+00
10 201 7.885267e-01 1.016007e+03 -2.200000000000000000e+03 -1.986000000000000000e+03 -1.861000000000000000e+03 -6.000000000000000000e+00
11 221 7.946985e-01 1.013984e+03 -2.200000000000000000e+03 -2.000000000000000000e+03 -1.543000000000000000e+03  0.000000000000000000e+00
12 241 7.848714e-01 1.010065e+03 -2.200000000000000000e+03 -2.000000000000000000e+03 -1.548000000000000000e+03  0.000000000000000000e+00
13 261 7.569113e-01 1.004149e+03 -2.200000000000000000e+03 -2.100000000000000000e+03 -1.861000000000000000e+03  0.000000000000000000e+00
14 281 7.505217e-01 1.002063e+03 -2.294000000000000000e+03 -2.294000000000000000e+03 -1.779000000000000000e+03 -6.480000000000000000e+02
15 301 7.770714e-01 9.900556e+02 -2.294000000000000000e+03 -2.000000000000000000e+03 -1.800000000000000000e+03 -5.140000000000000000e+02
16 321 7.888830e-01 9.808518e+02 -2.294000000000000000e+03 -2.100000000000000000e+03 -1.888000000000000000e+03  0.000000000000000000e+00
17 341 7.732495e-01 9.775067e+02 -2.294000000000000000e+03 -2.200000000000000000e+03 -1.800000000000000000e+03  0.000000000000000000e+00
18 361 7.412192e-01 9.739038e+02 -2.294000000000000000e+03 -2.200000000000000000e+03 -1.858000000000000000e+03 -7.020000000000000000e+02
19 381 7.308705e-01 9.724004e+02 -2.294000000000000000e+03 -2.200000000000000000e+03 -1.900000000000000000e+03  0.000000000000000000e+00
20 401 7.112530e-01 9.738876e+02 -2.294000000000000000e+03 -2.100000000000000000e+03 -1.800000000000000000e+03  0.000000000000000000e+00
21 421 7.025198e-01 9.723750e+02 -2.294000000000000000e+03 -2.200000000000000000e+03 -1.850000000000000000e+03 -4.940000000000000000e+02
22 441 7.038409e-01 9.680082e+02 -2.294000000000000000e+03 -2.000000000000000000e+03 -1.800000000000000000e+03 -6.780000000000000000e+02
23 461 6.844541e-01 9.700782e+02 -2.294000000000000000e+03 -2.000000000000000000e+03 -1.797000000000000000e+03 -7.440000000000000000e+02
24 481 6.636607e-01 9.690849e+02 -2.294000000000000000e+03 -2.100000000000000000e+03 -1.900000000000000000e+03 -1.290000000000000000e+03
25 501 6.396564e-01 9.617528e+02 -2.294000000000000000e+03 -2.200000000000000000e+03 -1.919000000000000000e+03 -9.420000000000000000e+02
26 521 6.229893e-01 9.556218e+02 -2.294000000000000000e+03 -2.070000000000000000e+03 -1.855000000000000000e+03 -1.314000000000000000e+03
27 541 6.058141e-01 9.541610e+02 -2.294000000000000000e+03 -2.088000000000000000e+03 -1.894000000000000000e+03 -7.560000000000000000e+02
28 561 5.889488e-01 9.521119e+02 -2.294000000000000000e+03 -2.100000000000000000e+03 -1.872000000000000000e+03 -1.240000000000000000e+03
29 581 5.805045e-01 9.493347e+02 -2.294000000000000000e+03 -2.216000000000000000e+03 -1.902000000000000000e+03 -6.900000000000000000e+02
30 601 5.762726e-01 9.459553e+02 -2.294000000000000000e+03 -2.288000000000000000e+03 -1.844000000000000000e+03 -1.434000000000000000e+03
31 621 5.919528e-01 9.428022e+02 -2.294000000000000000e+03 -2.100000000000000000e+03 -1.952000000000000000e+03 -7.920000000000000000e+02
32 641 6.218970e-01 9.424361e+02 -2.310000000000000000e+03 -2.310000000000000000e+03 -1.887000000000000000e+03 -1.158000000000000000e+03
33 661 6.101906e-01 9.434531e+02 -2.376000000000000000e+03 -2.376000000000000000e+03 -1.874000000000000000e+03 -9.200000000000000000e+02
34 681 5.906340e-01 9.443610e+02 -2.376000000000000000e+03 -2.188000000000000000e+03 -1.926000000000000000e+03 -7.500000000000000000e+02
35 701 5.836084e-01 9.437669e+02 -2.376000000000000000e+03 -2.200000000000000000e+03 -1.872000000000000000e+03 -7.620000000000000000e+02
36 721 5.792288e-01 9.446213e+02 -2.376000000000000000e+03 -2.270000000000000000e+03 -1.800000000000000000e+03 -6.720000000000000000e+02
37 741 5.658402e-01 9.400314e+02 -2.400000000000000000e+03 -2.400000000000000000e+03 -1.894000000000000000e+03 -6.720000000000000000e+02
38 761 5.557829e-01 9.376740e+02 -2.400000000000000000e+03 -2.394000000000000000e+03 -1.900000000000000000e+03 -1.060000000000000000e+03
39 781 5.430681e-01 9.237558e+02 -2.400000000000000000e+03 -2.200000000000000000e+03 -2.047000000000000000e+03 -1.776000000000000000e+03
40 801 5.275517e-01 9.171637e+02 -2.400000000000000000e+03 -2.234000000000000000e+03 -1.991000000000000000e+03 -1.374000000000000000e+03
41 821 5.123401e-01 9.124621e+02 -2.400000000000000000e+03 -2.282000000000000000e+03 -2.081000000000000000e+03 -1.794000000000000000e+03
42 841 5.112256e-01 9.120515e+02 -2.400000000000000000e+03 -2.200000000000000000e+03 -1.997000000000000000e+03 -1.702000000000000000e+03
43 861 4.879697e-01 9.111263e+02 -2.400000000000000000e+03 -2.264000000000000000e+03 -2.037000000000000000e+03 -1.796000000000000000e+03
44 881 4.658872e-01 9.023786e+02 -2.400000000000000000e+03 -2.270000000000000000e+03 -2.015000000000000000e+03 -8.860000000000000000e+02
45 901 4.553234e-01 9.030250e+02 -2.400000000000000000e+03 -2.200000000000000000e+03 -2.091000000000000000e+03 -9.480000000000000000e+02
46 921 4.358777e-01 9.034290e+02 -2.400000000000000000e+03 -2.300000000000000000e+03 -2.000000000000000000e+03 -7.740000000000000000e+02
47 941 4.040457e-01 9.050122e+02 -2.400000000000000000e+03 -2.200000000000000000e+03 -2.082000000000000000e+03 -1.540000000000000000e+03
48 961 4.006104e-01 9.037696e+02 -2.400000000000000000e+03 -2.316000000000000000e+03 -2.094000000000000000e+03 -1.470000000000000000e+03
49 981 3.871407e-01 9.009645e+02 -2.400000000000000000e+03 -2.200000000000000000e+03 -1.997000000000000000e+03 -1.502000000000000000e+03
50 1001 3.677518e-01 8.963967e+02 -2.400000000000000000e+03 -2.394000000000000000e+03 -2.017000000000000000e+03 -1.690000000000000000e+03
51 1021 3.471433e-01 8.940088e+02 -2.400000000000000000e+03 -2.300000000000000000e+03 -2.100000000000000000e+03 -1.934000000000000000e+03
52 1041 3.333415e-01 8.974517e+02 -2.400000000000000000e+03 -2.200000000000000000e+03 -2.040000000000000000e+03 -1.732000000000000000e+03
53 1061 3.073741e-01 8.908439e+02 -2.400000000000000000e+03 -2.200000000000000000e+03 -2.047000000000000000e+03 -1.800000000000000000e+03
54 1081 2.888289e-01 8.993432e+02 -2.400000000000000000e+03 -2.200000000000000000e+03 -2.100000000000000000e+03 -1.732000000000000000e+03
55 1101 2.756659e-01 8.986433e+02 -2.400000000000000000e+03 -2.294000000000000000e+03 -2.100000000000000000e+03 -1.894000000000000000e+03
56 1121 2.493429e-01 9.015413e+02 -2.400000000000000000e+03 -2.300000000000000000e+03 -2.088000000000000000e+03 -1.804000000000000000e+03
57 1141 2.445233e-01 8.983916e+02 -2.400000000000000000e+03 -2.300000000000000000e+03 -2.100000000000000000e+03 -1.754000000000000000e+03
58 1161 2.265150e-01 9.054643e+02 -2.400000000000000000e+03 -2.200000000000000000e+03 -2.100000000000000000e+03 -1.964000000000000000e+03
59 1181 2.244332e-01 8.998860e+02 -2.400000000000000000e+03 -2.300000000000000000e+03 -2.100000000000000000e+03 -1.994000000000000000e+03
60 1201 2.264462e-01 9.020422e+02 -2.400000000000000000e+03 -2.294000000000000000e+03 -2.141000000000000000e+03 -2.000000000000000000e+03
61 1221 2.370803e-01 9.119668e+02 -2.400000000000000000e+03 -2.382000000000000000e+03 -2.188000000000000000e+03 -2.000000000000000000e+03
62 1241 2.353565e-01 9.121444e+02 -2.400000000000000000e+03 -2.394000000000000000e+03 -2.197000000000000000e+03 -1.702000000000000000e+03
63 1261 2.326926e-01 9.083565e+02 -2.400000000000000000e+03 -2.400000000000000000e+03 -2.197000000000000000e+03 -1.888000000000000000e+03
64 1281 2.389659e-01 9.000308e+02 -2.400000000000000000e+03 -2.400000000000000000e+03 -2.200000000000000000e+03 -1.776000000000000000e+03
65 1301 2.390522e-01 8.940947e+02 -2.400000000000000000e+03 -2.400000000000000000e+03 -2.194000000000000000e+03 -1.900000000000000000e+03
66 1321 2.455340e-01 8.896619e+02 -2.400000000000000000e+03 -2.400000000000000000e+03 -2.294000000000000000e+03 -1.734000000000000000e+03
67 1341 2.561936e-01 8.898557e+02 -2.400000000000000000e+03 -2.400000000000000000e+03 -2.191000000000000000e+03 -1.800000000000000000e+03
68 1361 2.625083e-01 8.857378e+02 -2.400000000000000000e+03 -2.400000000000000000e+03 -2.147000000000000000e+03 -1.900000000000000000e+03
69 1381 2.627226e-01 8.854265e+02 -2.400000000000000000e+03 -2.400000000000000000e+03 -2.200000000000000000e+03 -1.800000000000000000e+03
70 1401 2.566438e-01 8.776471e+02 -2.400000000000000000e+03 -2.400000000000000000e+03 -2.197000000000000000e+03 -1.800000000000000000e+03
71 1421 2.612728e-01 8.767229e+02 -2.400000000000000000e+03 -2.400000000000000000e+03 -2.200000000000000000e+03 -1.800000000000000000e+03
72 1441 2.628739e-01 8.755875e+02 -2.400000000000000000e+03 -2.400000000000000000e+03 -2.147000000000000000e+03 -1.894000000000000000e+03
73 1461 2.681138e-01 8.783841e+02 -2.400000000000000000e+03 -2.400000000000000000e+03 -2.100000000000000000e+03 -1.800000000000000000e+03
74 1481 2.680306e-01 8.809375e+02 -2.400000000000000000e+03 -2.400000000000000000e+03 -2.197000000000000000e+03 -1.994000000000000000e+03
75 1501 2.642983e-01 8.795754e+02 -2.400000000000000000e+03 -2.400000000000000000e+03 -2.047000000000000000e+03 -1.800000000000000000e+03
76 1521 2.528926e-01 8.748501e+02 -2.400000000000000000e+03 -2.400000000000000000e+03 -2.194000000000000000e+03 -1.894000000000000000e+03
77 1541 2.552656e-01 8.650601e+02 -2.400000000000000000e+03 -2.400000000000000000e+03 -2.147000000000000000e+03 -1.894000000000000000e+03
78 1561 2.482619e-01 8.642408e+02 -2.400000000000000000e+03 -2.394000000000000000e+03 -2.194000000000000000e+03 -1.894000000000000000e+03
79 1581 2.404504e-01 8.636673e+02 -2.400000000000000000e+03 -2.400000000000000000e+03 -2.300000000000000000e+03 -1.800000000000000000e+03
80 1601 2.344631e-01 8.611149e+02 -2.400000000000000000e+03 -2.400000000000000000e+03 -2.197000000000000000e+03 -1.800000000000000000e+03
81 1621 2.262996e-01 8.593143e+02 -2.400000000000000000e+03 -2.400000000000000000e+03 -2.300000000000000000e+03 -1.800000000000000000e+03
82 1641 2.264248e-01 8.589205e+02 -2.400000000000000000e+03 -2.400000000000000000e+03 -2.200000000000000000e+03 -1.900000000000000000e+03
83 1661 2.351133e-01 8.606046e+02 -2.400000000000000000e+03 -2.400000000000000000e+03 -2.294000000000000000e+03 -1.894000000000000000e+03
84 1681 2.343957e-01 8.612203e+02 -2.400000000000000000e+03 -2.400000000000000000e+03 -2.200000000000000000e+03 -1.800000000000000000e+03
85 1701 2.332679e-01 8.627350e+02 -2.400000000000000000e+03 -2.400000000000000000e+03 -2.147000000000000000e+03 -1.800000000000000000e+03
86 1721 2.299637e-01 8.611590e+02 -2.400000000000000000e+03 -2.400000000000000000e+03 -2.288000000000000000e+03 -1.800000000000000000e+03
87 1741 2.225040e-01 8.627378e+02 -2.400000000000000000e+03 -2.400000000000000000e+03 -2.241000000000000000e+03 -1.900000000000000000e+03
88 1761 2.213293e-01 8.594858e+02 -2.400000000000000000e+03 -2.400000000000000000e+03 -2.250000000000000000e+03 -1.900000000000000000e+03
89 1781 2.169096e-01 8.585727e+02 -2.400000000000000000e+03 -2.400000000000000000e+03 -2.200000000000000000e+03 -1.794000000000000000e+03
90 1801 2.183947e-01 8.578357e+02 -2.400000000000000000e+03 -2.400000000000000000e+03 -2.300000000000000000e+03 -2.000000000000000000e+03
91 1821 2.159183e-01 8.573606e+02 -2.400000000000000000e+03 -2.400000000000000000e+03 -2.300000000000000000e+03 -2.000000000000000000e+03
92 1841 2.195315e-01 8.559948e+02 -2.400000000000000000e+03 -2.400000000000000000e+03 -2.300000000000000000e+03 -2.000000000000000000e+03
93 1861 2.190405e-01 8.574297e+02 -2.400000000000000000e+03 -2.400000000000000000e+03 -2.288000000000000000e+03 -1.894000000000000000e+03
94 1881 2.110277e-01 8.578339e+02 -2.400000000000000000e+03 -2.400000000000000000e+03 -2.297000000000000000e+03 -1.994000000000000000e+03
95 1901 2.030203e-01 8.543281e+02 -2.400000000000000000e+03 -2.400000000000000000e+03 -2.244000000000000000e+03 -1.800000000000000000e+03
96 1921 1.985214e-01 8.506905e+02 -2.400000000000000000e+03 -2.400000000000000000e+03 -2.244000000000000000e+03 -1.994000000000000000e+03
97 1941 1.988415e-01 8.462932e+02 -2.400000000000000000e+03 -2.400000000000000000e+03 -2.291000000000000000e+03 -2.000000000000000000e+03
98 1961 1.996652e-01 8.419908e+02 -2.400000000000000000e+03 -2.400000000000000000e+03 -2.297000000000000000e+03 -1.900000000000000000e+03
99 1981 2.083110e-01 8.386979e+02 -2.400000000000000000e+03 -2.400000000000000000e+03 -2.300000000000000000e+03 -1.994000000000000000e+03
100 2001 2.181449e-01 8.362841e+02 -2.400000000000000000e+03 -2.400000000000000000e+03 -2.344000000000000000e+03 -2.000000000000000000e+03
