%  columns="iteration, evaluation, sigma, max axis length, min axis length, all principal axes lengths (sorted square roots of eigenvalues of C)" (startseed=214003, 2025/05/27 16:46:21.03)
1 21 9.593541e-01 1.007128e+00 9.955073e-04 9.955073e-04 1.988995e-03 2.010977e-03 5.010805e-03 9.939833e-03 9.953708e-03 1.987069e-02 1.987382e-02 1.992415e-02 1.998616e-02 2.003926e-02 2.986341e-02 5.007245e-02 6.958391e-02 6.982435e-02 6.995958e-02 7.122528e-02 9.953969e-02 2.007365e-01 2.985966e-01 3.012643e-01 4.992003e-01 1.007128e+00 
2 41 9.067916e-01 1.006865e+00 9.937037e-04 9.937037e-04 1.983240e-03 2.010881e-03 4.997480e-03 9.897221e-03 9.948269e-03 1.974100e-02 1.976876e-02 1.984668e-02 1.989036e-02 2.010325e-02 2.980325e-02 4.986410e-02 6.922226e-02 6.979499e-02 7.036254e-02 7.133828e-02 9.989552e-02 2.008912e-01 2.974636e-01 3.017433e-01 4.977525e-01 1.006865e+00 
3 61 8.388305e-01 1.016814e+00 9.921698e-04 9.921698e-04 1.975341e-03 2.006512e-03 4.994303e-03 9.871309e-03 9.945108e-03 1.961716e-02 1.969377e-02 1.976404e-02 1.979798e-02 2.002792e-02 2.961823e-02 5.021502e-02 6.890887e-02 6.963653e-02 7.018875e-02 7.109647e-02 9.977767e-02 2.003966e-01 2.960806e-01 3.009030e-01 4.958610e-01 1.016814e+00 
4 81 7.832205e-01 1.014870e+00 9.895182e-04 9.895182e-04 1.963653e-03 2.005383e-03 4.980487e-03 9.844683e-03 9.935569e-03 1.951375e-02 1.961859e-02 1.970037e-02 1.973219e-02 2.012985e-02 2.967191e-02 5.001305e-02 6.863506e-02 6.955789e-02 6.983701e-02 7.067166e-02 9.968815e-02 2.005679e-01 2.942967e-01 3.000193e-01 4.934594e-01 1.014870e+00 
5 101 7.397625e-01 1.009995e+00 9.918083e-04 9.918083e-04 1.957615e-03 2.000874e-03 4.999092e-03 9.841673e-03 9.910323e-03 1.941462e-02 1.954481e-02 1.959195e-02 1.974414e-02 2.012449e-02 2.968099e-02 4.989283e-02 6.875413e-02 6.942595e-02 6.953771e-02 7.067409e-02 9.970281e-02 1.998584e-01 2.957421e-01 3.008496e-01 4.905604e-01 1.009995e+00 
6 121 7.209489e-01 1.007763e+00 9.861948e-04 9.861948e-04 1.956477e-03 2.009430e-03 5.024971e-03 9.795294e-03 9.940735e-03 1.936482e-02 1.948987e-02 1.962674e-02 1.980658e-02 2.036322e-02 2.975889e-02 4.992604e-02 6.836021e-02 6.906603e-02 6.946319e-02 7.050453e-02 9.934426e-02 1.993209e-01 2.960017e-01 3.001023e-01 4.896686e-01 1.007763e+00 
7 141 7.229863e-01 1.006370e+00 9.857553e-04 9.857553e-04 1.947849e-03 2.021042e-03 5.027318e-03 9.818749e-03 9.911525e-03 1.934608e-02 1.953970e-02 1.957766e-02 1.979595e-02 2.031272e-02 2.961464e-02 4.978324e-02 6.792518e-02 6.923198e-02 6.928449e-02 7.050944e-02 9.873204e-02 2.006243e-01 2.966504e-01 3.014018e-01 4.870854e-01 1.006370e+00 
8 161 7.430285e-01 1.004304e+00 9.850532e-04 9.850532e-04 1.954738e-03 2.016549e-03 5.096071e-03 9.848580e-03 9.943461e-03 1.923784e-02 1.946293e-02 1.954033e-02 1.978793e-02 2.047406e-02 2.954394e-02 4.988181e-02 6.794802e-02 6.909306e-02 6.971060e-02 7.119995e-02 9.841861e-02 2.010111e-01 2.959136e-01 3.027964e-01 4.859160e-01 1.004304e+00 
9 181 7.679014e-01 9.990498e-01 9.824788e-04 9.824788e-04 1.949057e-03 2.016105e-03 5.092934e-03 9.811698e-03 9.921131e-03 1.918812e-02 1.935116e-02 1.944373e-02 1.977673e-02 2.043390e-02 2.991230e-02 5.000818e-02 6.758995e-02 6.916374e-02 6.970552e-02 7.256463e-02 9.872854e-02 2.002758e-01 2.967290e-01 3.019600e-01 4.834673e-01 9.990498e-01 
10 201 7.885267e-01 9.939770e-01 9.783174e-04 9.783174e-04 1.944976e-03 2.013502e-03 5.093696e-03 9.803655e-03 9.946196e-03 1.912804e-02 1.923556e-02 1.942331e-02 1.972237e-02 2.059391e-02 2.979778e-02 5.009000e-02 6.754786e-02 6.954875e-02 7.017504e-02 7.292490e-02 9.902995e-02 2.009344e-01 2.984532e-01 3.030037e-01 4.870494e-01 9.939770e-01 
11 221 7.946985e-01 9.895320e-01 9.758854e-04 9.758854e-04 1.940142e-03 2.009011e-03 5.091014e-03 9.782227e-03 9.916983e-03 1.905253e-02 1.914468e-02 1.934475e-02 1.978329e-02 2.051557e-02 2.961980e-02 4.983990e-02 6.783859e-02 7.020535e-02 7.043215e-02 7.279941e-02 9.929866e-02 1.997404e-01 2.970924e-01 3.046324e-01 4.844489e-01 9.895320e-01 
12 241 7.848714e-01 9.831520e-01 9.733554e-04 9.733554e-04 1.938429e-03 2.010200e-03 5.073520e-03 9.825232e-03 9.895332e-03 1.894732e-02 1.912366e-02 1.927600e-02 1.971211e-02 2.040436e-02 2.949072e-02 4.995082e-02 6.772122e-02 7.021271e-02 7.061822e-02 7.303387e-02 9.984284e-02 1.988596e-01 2.968559e-01 3.072495e-01 4.838756e-01 9.831520e-01 
13 261 7.569113e-01 9.768732e-01 9.728370e-04 9.728370e-04 1.933093e-03 2.023303e-03 5.088096e-03 9.790074e-03 9.940294e-03 1.882597e-02 1.911839e-02 1.921341e-02 1.964310e-02 2.037092e-02 2.946209e-02 4.975250e-02 6.753252e-02 7.010103e-02 7.053557e-02 7.344681e-02 9.968720e-02 1.981925e-01 2.958202e-01 3.078212e-01 4.821587e-01 9.768732e-01 
14 281 7.505217e-01 9.728533e-01 9.708508e-04 9.708508e-04 1.930030e-03 2.028571e-03 5.081038e-03 9.779777e-03 1.005979e-02 1.875217e-02 1.899330e-02 1.911896e-02 1.959885e-02 2.025582e-02 2.959655e-02 4.964551e-02 6.758420e-02 6.994483e-02 7.017271e-02 7.342861e-02 9.967979e-02 1.986536e-01 2.951720e-01 3.072500e-01 4.830173e-01 9.728533e-01 
15 301 7.770714e-01 9.721166e-01 9.818809e-04 9.818809e-04 1.938767e-03 2.026000e-03 5.056302e-03 9.813083e-03 1.009855e-02 1.864520e-02 1.897257e-02 1.916792e-02 1.957118e-02 2.017489e-02 2.963888e-02 5.012643e-02 6.730376e-02 6.974318e-02 6.974993e-02 7.339274e-02 9.924209e-02 1.983580e-01 2.945660e-01 3.072277e-01 4.808188e-01 9.721166e-01 
16 321 7.888830e-01 9.664491e-01 9.853161e-04 9.853161e-04 1.941839e-03 2.012670e-03 5.059685e-03 9.854381e-03 1.009916e-02 1.856120e-02 1.899658e-02 1.929823e-02 1.950648e-02 2.009735e-02 2.958288e-02 5.011768e-02 6.702604e-02 6.929117e-02 6.970494e-02 7.339629e-02 9.881992e-02 1.986192e-01 2.954055e-01 3.082116e-01 4.781450e-01 9.664491e-01 
17 341 7.732495e-01 9.613190e-01 9.834398e-04 9.834398e-04 1.951391e-03 2.019706e-03 5.041347e-03 9.852008e-03 1.013363e-02 1.847582e-02 1.890544e-02 1.930979e-02 1.950940e-02 2.013081e-02 2.950182e-02 5.026986e-02 6.690560e-02 6.887162e-02 6.947150e-02 7.358834e-02 9.837178e-02 1.999895e-01 2.939154e-01 3.070858e-01 4.760137e-01 9.613190e-01 
18 361 7.412192e-01 9.549503e-01 9.805386e-04 9.805386e-04 1.949425e-03 2.010424e-03 5.035715e-03 9.798145e-03 1.008192e-02 1.841682e-02 1.880210e-02 1.930193e-02 1.954783e-02 2.007090e-02 2.945254e-02 5.011805e-02 6.670175e-02 6.853432e-02 6.949735e-02 7.373113e-02 9.779325e-02 2.001293e-01 2.924736e-01 3.081183e-01 4.756008e-01 9.549503e-01 
19 381 7.308705e-01 9.491336e-01 9.760728e-04 9.760728e-04 1.949486e-03 2.008757e-03 5.015643e-03 9.790342e-03 1.001981e-02 1.836433e-02 1.866814e-02 1.921899e-02 1.944414e-02 2.020730e-02 2.941910e-02 5.006738e-02 6.648348e-02 6.820429e-02 6.989546e-02 7.343721e-02 9.798704e-02 1.999335e-01 2.908698e-01 3.066395e-01 4.742262e-01 9.491336e-01 
20 401 7.112530e-01 9.462526e-01 9.716240e-04 9.716240e-04 1.942454e-03 2.000946e-03 5.021040e-03 9.827127e-03 1.003244e-02 1.830380e-02 1.861755e-02 1.912345e-02 1.939307e-02 2.033312e-02 2.925689e-02 4.982896e-02 6.612310e-02 6.836627e-02 6.969087e-02 7.336159e-02 9.767059e-02 2.007085e-01 2.897064e-01 3.061319e-01 4.712264e-01 9.462526e-01 
21 421 7.025198e-01 9.414378e-01 9.681839e-04 9.681839e-04 1.950210e-03 1.988266e-03 4.992251e-03 9.817157e-03 9.991565e-03 1.825697e-02 1.852796e-02 1.903503e-02 1.939106e-02 2.040846e-02 2.924374e-02 4.955543e-02 6.604544e-02 6.829400e-02 7.073416e-02 7.301575e-02 9.723726e-02 1.997641e-01 2.887683e-01 3.055662e-01 4.742488e-01 9.414378e-01 
22 441 7.038409e-01 9.348418e-01 9.657374e-04 9.657374e-04 1.959531e-03 1.994382e-03 4.973965e-03 9.921077e-03 1.013835e-02 1.823115e-02 1.842214e-02 1.892800e-02 1.943870e-02 2.045071e-02 2.976450e-02 4.946799e-02 6.581441e-02 6.840164e-02 7.060619e-02 7.266675e-02 9.723625e-02 1.998282e-01 2.900762e-01 3.046134e-01 4.760677e-01 9.348418e-01 
23 461 6.844541e-01 9.333253e-01 9.621135e-04 9.621135e-04 1.961589e-03 1.995191e-03 4.979897e-03 9.911841e-03 1.011885e-02 1.826032e-02 1.840492e-02 1.895078e-02 1.960428e-02 2.053174e-02 2.962935e-02 4.926307e-02 6.559203e-02 6.802064e-02 7.041700e-02 7.242353e-02 9.699132e-02 2.009741e-01 2.909880e-01 3.084121e-01 4.738970e-01 9.333253e-01 
24 481 6.636607e-01 9.294544e-01 9.591052e-04 9.591052e-04 1.962583e-03 2.010461e-03 4.984035e-03 9.919316e-03 1.009401e-02 1.819605e-02 1.830663e-02 1.883851e-02 1.952006e-02 2.052174e-02 2.992393e-02 4.905391e-02 6.531909e-02 6.764068e-02 7.029347e-02 7.235620e-02 9.703047e-02 2.010501e-01 2.909236e-01 3.076929e-01 4.752752e-01 9.294544e-01 
25 501 6.396564e-01 9.239791e-01 9.607241e-04 9.607241e-04 1.954542e-03 2.010493e-03 4.970902e-03 9.860351e-03 1.006397e-02 1.808589e-02 1.830487e-02 1.883965e-02 1.942335e-02 2.049006e-02 2.999001e-02 4.893324e-02 6.507718e-02 6.735385e-02 7.004346e-02 7.200022e-02 9.664239e-02 2.004343e-01 2.924983e-01 3.061310e-01 4.777224e-01 9.239791e-01 
26 521 6.229893e-01 9.185636e-01 9.612209e-04 9.612209e-04 1.945725e-03 2.006251e-03 4.936361e-03 9.825455e-03 1.005131e-02 1.807765e-02 1.821638e-02 1.890057e-02 1.934022e-02 2.042354e-02 2.992404e-02 4.893115e-02 6.477807e-02 6.728971e-02 7.018495e-02 7.195475e-02 9.638319e-02 2.016021e-01 2.935228e-01 3.048189e-01 4.892616e-01 9.185636e-01 
27 541 6.058141e-01 9.161271e-01 9.601390e-04 9.601390e-04 1.946023e-03 2.004302e-03 4.941138e-03 9.808271e-03 1.002106e-02 1.808296e-02 1.827013e-02 1.891790e-02 1.932473e-02 2.036781e-02 3.003674e-02 4.921927e-02 6.457013e-02 6.709128e-02 7.007395e-02 7.166208e-02 9.585550e-02 2.021629e-01 2.928362e-01 3.059213e-01 4.886796e-01 9.161271e-01 
28 561 5.889488e-01 9.100275e-01 9.557989e-04 9.557989e-04 1.947545e-03 1.998184e-03 4.939946e-03 9.762251e-03 9.968304e-03 1.805779e-02 1.824310e-02 1.888516e-02 1.924826e-02 2.031475e-02 3.000520e-02 4.919073e-02 6.482972e-02 6.690964e-02 6.988933e-02 7.177109e-02 9.531429e-02 2.017052e-01 2.944470e-01 3.057343e-01 4.881355e-01 9.100275e-01 
29 581 5.805045e-01 9.066817e-01 9.550706e-04 9.550706e-04 1.942667e-03 1.988618e-03 4.919037e-03 9.741485e-03 9.991684e-03 1.800318e-02 1.827201e-02 1.880429e-02 1.934566e-02 2.030404e-02 2.996996e-02 4.908848e-02 6.440701e-02 6.655804e-02 7.001781e-02 7.171316e-02 9.532513e-02 2.014223e-01 2.927228e-01 3.051380e-01 4.876368e-01 9.066817e-01 
30 601 5.762726e-01 9.029980e-01 9.545884e-04 9.545884e-04 1.939357e-03 1.981223e-03 4.926973e-03 9.747965e-03 1.001816e-02 1.799024e-02 1.820730e-02 1.875796e-02 1.936678e-02 2.022513e-02 2.993697e-02 4.890159e-02 6.403767e-02 6.730179e-02 6.974364e-02 7.150456e-02 9.492140e-02 2.012262e-01 2.951247e-01 3.040815e-01 4.873556e-01 9.029980e-01 
31 621 5.919528e-01 8.964944e-01 9.508828e-04 9.508828e-04 1.948560e-03 1.971385e-03 4.935926e-03 9.782158e-03 1.000833e-02 1.797788e-02 1.837671e-02 1.878179e-02 1.945167e-02 2.017589e-02 2.981381e-02 4.894656e-02 6.382186e-02 6.783286e-02 6.972723e-02 7.127787e-02 9.457889e-02 2.016270e-01 2.943911e-01 3.029889e-01 4.862057e-01 8.964944e-01 
32 641 6.218970e-01 8.970023e-01 9.517911e-04 9.517911e-04 1.938963e-03 1.972627e-03 4.939898e-03 9.776399e-03 9.993538e-03 1.793718e-02 1.835996e-02 1.874458e-02 1.947638e-02 2.008835e-02 2.977193e-02 4.956292e-02 6.350652e-02 6.869685e-02 6.940599e-02 7.094725e-02 9.449602e-02 2.013353e-01 2.933525e-01 3.018787e-01 4.851423e-01 8.970023e-01 
33 661 6.101906e-01 8.951700e-01 9.488231e-04 9.488231e-04 1.933176e-03 1.970874e-03 4.953682e-03 9.738653e-03 9.943370e-03 1.782832e-02 1.829427e-02 1.866784e-02 1.941637e-02 2.001119e-02 2.964631e-02 4.993338e-02 6.316415e-02 6.854875e-02 6.924217e-02 7.120768e-02 9.402281e-02 2.006837e-01 2.946520e-01 3.018742e-01 4.872687e-01 8.951700e-01 
34 681 5.906340e-01 8.930733e-01 9.456905e-04 9.456905e-04 1.936971e-03 1.983875e-03 4.932683e-03 9.710924e-03 9.918783e-03 1.772439e-02 1.821298e-02 1.857970e-02 1.950977e-02 2.002111e-02 2.965469e-02 5.010387e-02 6.404534e-02 6.833560e-02 6.932142e-02 7.102226e-02 9.367320e-02 2.001863e-01 2.948253e-01 3.015765e-01 4.901744e-01 8.930733e-01 
35 701 5.836084e-01 8.923284e-01 9.454966e-04 9.454966e-04 1.939439e-03 1.977077e-03 4.953629e-03 9.657586e-03 9.880024e-03 1.775560e-02 1.808210e-02 1.847740e-02 1.943516e-02 2.000928e-02 2.957097e-02 5.021331e-02 6.399377e-02 6.803506e-02 6.914556e-02 7.130011e-02 9.399417e-02 1.992900e-01 2.939579e-01 3.015508e-01 4.897899e-01 8.923284e-01 
36 721 5.792288e-01 8.889732e-01 9.410895e-04 9.410895e-04 1.948366e-03 1.967388e-03 4.945422e-03 9.688829e-03 9.834443e-03 1.779524e-02 1.815720e-02 1.847738e-02 1.936217e-02 2.011816e-02 2.941209e-02 5.049940e-02 6.388088e-02 6.797642e-02 6.994480e-02 7.116666e-02 9.376906e-02 1.981918e-01 2.928696e-01 3.007711e-01 4.926099e-01 8.889732e-01 
37 741 5.658402e-01 8.842336e-01 9.406426e-04 9.406426e-04 1.949385e-03 1.979637e-03 4.934769e-03 9.657300e-03 9.797274e-03 1.772077e-02 1.807624e-02 1.839980e-02 1.938011e-02 2.014462e-02 2.942456e-02 5.081076e-02 6.357160e-02 6.768877e-02 7.003714e-02 7.129950e-02 9.368519e-02 1.982044e-01 2.945148e-01 2.994039e-01 4.961105e-01 8.842336e-01 
38 761 5.557829e-01 8.785588e-01 9.369555e-04 9.369555e-04 1.939800e-03 1.972723e-03 4.909702e-03 9.641864e-03 9.764743e-03 1.769166e-02 1.800732e-02 1.832949e-02 1.936419e-02 2.022830e-02 2.930143e-02 5.055387e-02 6.326376e-02 6.858163e-02 6.993485e-02 7.097926e-02 9.325314e-02 1.978585e-01 2.929353e-01 2.979050e-01 4.950360e-01 8.785588e-01 
39 781 5.430681e-01 8.739339e-01 9.460660e-04 9.460660e-04 1.936469e-03 1.968557e-03 4.911504e-03 9.650417e-03 9.805624e-03 1.779062e-02 1.792193e-02 1.828862e-02 1.926237e-02 2.015131e-02 2.925238e-02 5.027867e-02 6.291939e-02 6.831327e-02 7.027889e-02 7.123965e-02 9.265865e-02 1.965679e-01 2.918800e-01 2.958505e-01 5.004691e-01 8.739339e-01 
40 801 5.275517e-01 8.689602e-01 9.474429e-04 9.474429e-04 1.932606e-03 1.967096e-03 4.894279e-03 9.601600e-03 9.744308e-03 1.769862e-02 1.785811e-02 1.825626e-02 1.919582e-02 2.007882e-02 2.945224e-02 5.016317e-02 6.271376e-02 6.818652e-02 7.006136e-02 7.104428e-02 9.344715e-02 1.967301e-01 2.912482e-01 2.966867e-01 5.011998e-01 8.689602e-01 
41 821 5.123401e-01 8.635268e-01 9.463700e-04 9.463700e-04 1.925164e-03 1.958527e-03 4.881278e-03 9.627751e-03 9.726859e-03 1.763929e-02 1.779500e-02 1.813883e-02 1.910327e-02 2.012094e-02 2.937108e-02 5.021719e-02 6.294151e-02 6.792830e-02 7.005680e-02 7.079664e-02 9.312113e-02 1.968580e-01 2.904665e-01 2.960830e-01 5.004181e-01 8.635268e-01 
42 841 5.112256e-01 8.629583e-01 9.461727e-04 9.461727e-04 1.921557e-03 1.961224e-03 4.854906e-03 9.591196e-03 9.865368e-03 1.765027e-02 1.789129e-02 1.806684e-02 1.903755e-02 2.014714e-02 2.932152e-02 5.012575e-02 6.287782e-02 6.765572e-02 6.997761e-02 7.081055e-02 9.330914e-02 1.963379e-01 2.896552e-01 2.965936e-01 5.046852e-01 8.629583e-01 
43 861 4.879697e-01 8.578907e-01 9.415717e-04 9.415717e-04 1.916956e-03 1.954146e-03 4.838567e-03 9.616631e-03 9.849506e-03 1.753795e-02 1.779120e-02 1.802844e-02 1.923900e-02 2.029972e-02 2.918574e-02 5.002641e-02 6.293199e-02 6.734155e-02 6.986855e-02 7.064599e-02 9.332013e-02 1.957977e-01 2.896309e-01 2.949531e-01 5.107775e-01 8.578907e-01 
44 881 4.658872e-01 8.554189e-01 9.479602e-04 9.479602e-04 1.917946e-03 1.944116e-03 4.821527e-03 9.584842e-03 9.795447e-03 1.750651e-02 1.785540e-02 1.806382e-02 1.926262e-02 2.024875e-02 2.908667e-02 5.006913e-02 6.263133e-02 6.766277e-02 7.023820e-02 7.045257e-02 9.320558e-02 1.952753e-01 2.916701e-01 2.947575e-01 5.081514e-01 8.554189e-01 
45 901 4.553234e-01 8.540834e-01 9.458026e-04 9.458026e-04 1.913943e-03 1.940154e-03 4.810921e-03 9.561667e-03 9.843208e-03 1.744536e-02 1.784964e-02 1.801112e-02 1.917304e-02 2.018797e-02 2.903724e-02 4.983942e-02 6.303312e-02 6.767075e-02 7.037494e-02 7.064507e-02 9.301366e-02 1.949353e-01 2.911227e-01 2.949711e-01 5.064026e-01 8.540834e-01 
46 921 4.358777e-01 8.514468e-01 9.424613e-04 9.424613e-04 1.904009e-03 1.944890e-03 4.803273e-03 9.550270e-03 9.906566e-03 1.736375e-02 1.787581e-02 1.797375e-02 1.911834e-02 2.019573e-02 2.901191e-02 4.986002e-02 6.318927e-02 6.747388e-02 7.035224e-02 7.081871e-02 9.314383e-02 1.955726e-01 2.898124e-01 2.968354e-01 5.039468e-01 8.514468e-01 
47 941 4.040457e-01 8.531476e-01 9.426918e-04 9.426918e-04 1.909332e-03 1.960349e-03 4.782942e-03 9.537388e-03 9.877417e-03 1.731807e-02 1.785194e-02 1.790109e-02 1.901873e-02 2.009940e-02 2.887919e-02 4.961120e-02 6.292685e-02 6.751433e-02 6.998641e-02 7.067618e-02 9.286533e-02 1.956080e-01 2.883088e-01 2.983000e-01 5.020643e-01 8.531476e-01 
48 961 4.006104e-01 8.517125e-01 9.424001e-04 9.424001e-04 1.907959e-03 1.955824e-03 4.792081e-03 9.517352e-03 9.887902e-03 1.727218e-02 1.783387e-02 1.785472e-02 1.904921e-02 2.038246e-02 2.870734e-02 5.029189e-02 6.294835e-02 6.702412e-02 6.960900e-02 7.064077e-02 9.354556e-02 1.947009e-01 2.878866e-01 2.982888e-01 5.020597e-01 8.517125e-01 
49 981 3.871407e-01 8.490167e-01 9.423420e-04 9.423420e-04 1.899305e-03 1.944365e-03 4.781212e-03 9.505805e-03 9.856453e-03 1.732627e-02 1.772526e-02 1.779038e-02 1.897907e-02 2.029399e-02 2.856600e-02 5.040262e-02 6.280312e-02 6.687777e-02 6.918212e-02 7.043748e-02 9.289870e-02 1.962292e-01 2.872797e-01 2.978281e-01 5.023960e-01 8.490167e-01 
50 1001 3.677518e-01 8.466738e-01 9.445302e-04 9.445302e-04 1.895425e-03 1.949993e-03 4.786021e-03 9.452690e-03 9.820339e-03 1.729368e-02 1.769092e-02 1.776295e-02 1.892263e-02 2.021305e-02 2.863613e-02 5.030332e-02 6.284239e-02 6.727794e-02 6.877387e-02 7.005213e-02 9.251397e-02 1.952523e-01 2.863704e-01 2.979305e-01 4.999654e-01 8.466738e-01 
51 1021 3.471433e-01 8.416874e-01 9.414754e-04 9.414754e-04 1.900515e-03 1.944996e-03 4.762968e-03 9.426450e-03 9.798426e-03 1.722266e-02 1.769280e-02 1.785453e-02 1.901560e-02 2.014998e-02 2.878204e-02 5.028040e-02 6.260366e-02 6.692769e-02 6.864954e-02 7.014225e-02 9.203684e-02 1.958497e-01 2.858673e-01 2.959507e-01 4.971728e-01 8.416874e-01 
52 1041 3.333415e-01 8.420275e-01 9.382427e-04 9.382427e-04 1.888073e-03 1.945379e-03 4.737253e-03 9.408597e-03 9.765023e-03 1.713356e-02 1.762799e-02 1.787343e-02 1.896813e-02 2.010509e-02 2.909654e-02 5.004262e-02 6.234727e-02 6.658814e-02 6.844728e-02 6.990274e-02 9.236433e-02 1.957797e-01 2.854465e-01 2.942571e-01 4.990847e-01 8.420275e-01 
53 1061 3.073741e-01 8.409795e-01 9.440257e-04 9.440257e-04 1.876191e-03 1.934065e-03 4.702391e-03 9.371081e-03 9.809632e-03 1.703263e-02 1.767286e-02 1.785680e-02 1.894232e-02 2.000756e-02 2.920178e-02 4.977489e-02 6.238498e-02 6.614750e-02 6.875732e-02 6.941750e-02 9.214157e-02 1.946607e-01 2.844562e-01 2.937218e-01 5.007855e-01 8.409795e-01 
54 1081 2.888289e-01 8.433454e-01 9.377348e-04 9.377348e-04 1.866972e-03 1.920375e-03 4.671978e-03 9.331967e-03 9.800634e-03 1.708435e-02 1.776573e-02 1.784713e-02 1.890180e-02 1.995973e-02 2.916152e-02 4.948928e-02 6.211774e-02 6.598026e-02 6.843260e-02 6.970161e-02 9.260702e-02 1.938215e-01 2.829028e-01 2.951132e-01 4.983924e-01 8.433454e-01 
55 1101 2.756659e-01 8.404257e-01 9.352161e-04 9.352161e-04 1.858808e-03 1.914946e-03 4.658915e-03 9.278173e-03 9.763236e-03 1.700527e-02 1.766738e-02 1.782095e-02 1.888815e-02 2.025375e-02 2.915328e-02 4.930969e-02 6.190719e-02 6.572435e-02 6.824408e-02 6.980723e-02 9.266169e-02 1.941048e-01 2.810052e-01 2.944197e-01 4.965206e-01 8.404257e-01 
56 1121 2.493429e-01 8.378783e-01 9.293843e-04 9.293843e-04 1.850708e-03 1.900326e-03 4.661249e-03 9.250715e-03 9.770697e-03 1.692102e-02 1.759664e-02 1.774800e-02 1.881679e-02 2.020435e-02 2.906350e-02 4.904468e-02 6.173646e-02 6.555500e-02 6.811288e-02 6.970186e-02 9.264982e-02 1.929839e-01 2.817115e-01 2.934091e-01 4.949152e-01 8.378783e-01 
57 1141 2.445233e-01 8.380107e-01 9.327901e-04 9.327901e-04 1.843875e-03 1.891166e-03 4.670879e-03 9.220257e-03 9.846762e-03 1.692755e-02 1.759928e-02 1.771747e-02 1.876334e-02 2.013945e-02 2.897163e-02 4.905245e-02 6.195324e-02 6.536210e-02 6.786967e-02 6.967140e-02 9.276019e-02 1.935826e-01 2.804025e-01 2.914068e-01 4.960041e-01 8.380107e-01 
58 1161 2.265150e-01 8.435831e-01 9.316581e-04 9.316581e-04 1.835922e-03 1.884319e-03 4.703763e-03 9.214270e-03 9.854568e-03 1.691934e-02 1.749829e-02 1.775113e-02 1.878959e-02 2.022849e-02 2.895498e-02 4.935029e-02 6.156854e-02 6.525908e-02 6.790663e-02 6.948034e-02 9.254433e-02 1.925388e-01 2.792459e-01 2.925226e-01 4.929982e-01 8.435831e-01 
59 1181 2.244332e-01 8.446369e-01 9.386044e-04 9.386044e-04 1.830266e-03 1.879271e-03 4.706987e-03 9.169555e-03 9.848614e-03 1.682399e-02 1.741479e-02 1.774057e-02 1.874558e-02 2.056601e-02 2.890725e-02 4.951611e-02 6.128373e-02 6.521477e-02 6.769953e-02 6.922247e-02 9.210650e-02 1.918248e-01 2.783110e-01 2.909846e-01 4.900702e-01 8.446369e-01 
60 1201 2.264462e-01 8.474152e-01 9.394408e-04 9.394408e-04 1.820617e-03 1.876108e-03 4.682643e-03 9.165760e-03 9.822986e-03 1.675776e-02 1.740494e-02 1.780512e-02 1.864680e-02 2.055665e-02 2.907791e-02 4.967424e-02 6.129788e-02 6.548102e-02 6.789492e-02 6.906383e-02 9.204618e-02 1.921538e-01 2.774970e-01 2.917497e-01 4.899357e-01 8.474152e-01 
61 1221 2.370803e-01 8.590359e-01 9.419596e-04 9.419596e-04 1.812979e-03 1.872628e-03 4.695461e-03 9.148729e-03 9.815114e-03 1.673788e-02 1.734309e-02 1.777859e-02 1.864061e-02 2.060760e-02 2.901837e-02 4.967933e-02 6.120152e-02 6.578350e-02 6.774762e-02 6.882292e-02 9.190061e-02 1.911052e-01 2.762793e-01 2.937098e-01 4.897523e-01 8.590359e-01 
62 1241 2.353565e-01 8.587394e-01 9.414512e-04 9.414512e-04 1.813211e-03 1.860086e-03 4.670076e-03 9.101910e-03 9.785916e-03 1.669059e-02 1.727056e-02 1.770409e-02 1.854539e-02 2.052515e-02 2.890459e-02 4.958062e-02 6.095629e-02 6.553910e-02 6.755103e-02 6.849974e-02 9.205195e-02 1.918128e-01 2.784818e-01 2.929758e-01 4.883804e-01 8.587394e-01 
63 1261 2.326926e-01 8.568067e-01 9.432494e-04 9.432494e-04 1.814537e-03 1.850051e-03 4.646447e-03 9.108157e-03 9.764930e-03 1.661312e-02 1.725688e-02 1.771201e-02 1.851039e-02 2.042956e-02 2.875235e-02 4.934891e-02 6.104333e-02 6.539674e-02 6.758054e-02 6.859731e-02 9.152356e-02 1.910547e-01 2.773217e-01 2.928704e-01 4.898703e-01 8.568067e-01 
64 1281 2.389659e-01 8.527658e-01 9.474852e-04 9.474852e-04 1.809036e-03 1.846993e-03 4.691470e-03 9.119693e-03 9.765063e-03 1.663030e-02 1.717374e-02 1.779427e-02 1.842039e-02 2.033104e-02 2.866664e-02 4.917055e-02 6.068484e-02 6.555516e-02 6.762019e-02 6.877135e-02 9.148854e-02 1.932203e-01 2.770874e-01 2.931398e-01 4.904464e-01 8.527658e-01 
65 1301 2.390522e-01 8.507172e-01 9.514844e-04 9.514844e-04 1.801355e-03 1.846085e-03 4.681534e-03 9.098928e-03 9.768446e-03 1.663817e-02 1.709679e-02 1.781381e-02 1.848715e-02 2.031226e-02 2.852543e-02 4.893079e-02 6.054677e-02 6.529573e-02 6.732817e-02 6.900716e-02 9.215843e-02 1.941304e-01 2.765094e-01 2.952851e-01 4.889293e-01 8.507172e-01 
66 1321 2.455340e-01 8.452781e-01 9.501116e-04 9.501116e-04 1.805226e-03 1.852843e-03 4.661308e-03 9.087736e-03 9.778400e-03 1.657036e-02 1.699781e-02 1.785683e-02 1.846939e-02 2.025595e-02 2.846977e-02 4.869923e-02 6.175111e-02 6.549093e-02 6.713490e-02 6.891943e-02 9.198302e-02 1.940122e-01 2.753713e-01 2.957835e-01 4.876876e-01 8.452781e-01 
67 1341 2.561936e-01 8.442217e-01 9.487176e-04 9.487176e-04 1.802352e-03 1.867841e-03 4.647826e-03 9.103089e-03 9.789370e-03 1.654468e-02 1.703195e-02 1.784981e-02 1.855669e-02 2.016782e-02 2.838302e-02 4.849670e-02 6.152899e-02 6.531833e-02 6.722065e-02 6.918664e-02 9.209303e-02 1.945301e-01 2.760583e-01 2.960162e-01 4.890140e-01 8.442217e-01 
68 1361 2.625083e-01 8.395808e-01 9.478887e-04 9.478887e-04 1.801178e-03 1.873246e-03 4.635171e-03 9.121202e-03 9.770243e-03 1.645293e-02 1.699569e-02 1.787020e-02 1.852317e-02 2.024362e-02 2.827167e-02 4.818848e-02 6.171189e-02 6.511000e-02 6.785939e-02 6.896112e-02 9.165172e-02 1.939052e-01 2.746409e-01 2.954270e-01 4.864145e-01 8.395808e-01 
69 1381 2.627226e-01 8.379251e-01 9.463519e-04 9.463519e-04 1.792411e-03 1.866664e-03 4.650288e-03 9.117186e-03 9.748217e-03 1.645315e-02 1.700189e-02 1.778840e-02 1.845258e-02 2.025548e-02 2.809320e-02 4.800921e-02 6.151377e-02 6.547681e-02 6.848125e-02 6.919665e-02 9.116874e-02 1.952647e-01 2.737253e-01 2.950025e-01 4.845145e-01 8.379251e-01 
70 1401 2.566438e-01 8.365943e-01 9.532240e-04 9.532240e-04 1.784875e-03 1.869047e-03 4.677389e-03 9.137114e-03 9.717381e-03 1.648253e-02 1.688936e-02 1.778559e-02 1.842254e-02 2.019646e-02 2.793368e-02 4.789447e-02 6.145945e-02 6.523220e-02 6.851101e-02 6.899244e-02 9.088253e-02 1.958446e-01 2.733157e-01 2.942987e-01 4.819058e-01 8.365943e-01 
71 1421 2.612728e-01 8.325385e-01 9.496028e-04 9.496028e-04 1.788332e-03 1.881060e-03 4.687406e-03 9.081786e-03 9.704076e-03 1.645275e-02 1.696217e-02 1.772548e-02 1.834232e-02 2.024467e-02 2.781720e-02 4.781607e-02 6.141275e-02 6.528832e-02 6.828184e-02 6.914663e-02 9.040967e-02 1.948175e-01 2.719523e-01 2.940246e-01 4.837564e-01 8.325385e-01 
72 1441 2.628739e-01 8.289376e-01 9.467216e-04 9.467216e-04 1.783255e-03 1.882615e-03 4.679884e-03 9.073849e-03 9.653887e-03 1.636098e-02 1.696017e-02 1.792284e-02 1.833961e-02 2.013606e-02 2.773974e-02 4.752020e-02 6.107673e-02 6.528706e-02 6.799770e-02 6.976744e-02 9.022865e-02 1.940320e-01 2.715713e-01 2.979752e-01 4.830518e-01 8.289376e-01 
73 1461 2.681138e-01 8.300353e-01 9.449570e-04 9.449570e-04 1.784738e-03 1.893237e-03 4.663339e-03 9.200548e-03 9.623978e-03 1.632708e-02 1.687278e-02 1.786315e-02 1.826419e-02 2.007660e-02 2.770336e-02 4.731495e-02 6.100137e-02 6.516953e-02 6.792294e-02 7.017515e-02 8.996519e-02 1.948562e-01 2.706204e-01 2.963229e-01 4.850649e-01 8.300353e-01 
74 1481 2.680306e-01 8.343583e-01 9.471254e-04 9.471254e-04 1.777824e-03 1.890003e-03 4.643386e-03 9.203176e-03 9.839521e-03 1.621628e-02 1.682759e-02 1.775297e-02 1.823606e-02 2.002021e-02 2.753732e-02 4.708825e-02 6.120852e-02 6.502035e-02 6.760022e-02 7.047268e-02 8.967360e-02 1.939477e-01 2.691943e-01 2.967617e-01 4.864099e-01 8.343583e-01 
75 1501 2.642983e-01 8.310428e-01 9.448227e-04 9.448227e-04 1.771514e-03 1.884139e-03 4.636224e-03 9.225622e-03 9.823015e-03 1.612005e-02 1.675061e-02 1.782760e-02 1.824298e-02 1.988077e-02 2.750209e-02 4.693764e-02 6.119193e-02 6.489919e-02 6.802055e-02 7.051636e-02 8.935036e-02 1.943333e-01 2.677063e-01 2.962430e-01 4.866595e-01 8.310428e-01 
76 1521 2.528926e-01 8.271719e-01 9.455012e-04 9.455012e-04 1.771493e-03 1.878805e-03 4.608751e-03 9.235655e-03 9.810168e-03 1.604680e-02 1.665728e-02 1.775983e-02 1.814829e-02 1.983751e-02 2.742831e-02 4.686699e-02 6.082542e-02 6.523185e-02 6.812056e-02 7.029489e-02 8.926631e-02 1.953991e-01 2.668741e-01 2.960243e-01 4.876269e-01 8.271719e-01 
77 1541 2.552656e-01 8.219537e-01 9.501695e-04 9.501695e-04 1.764612e-03 1.877060e-03 4.592409e-03 9.346782e-03 9.785159e-03 1.596476e-02 1.670697e-02 1.764920e-02 1.812467e-02 1.974090e-02 2.737236e-02 4.680170e-02 6.067905e-02 6.508853e-02 6.793099e-02 7.058787e-02 8.918183e-02 1.951714e-01 2.669111e-01 2.954976e-01 4.852563e-01 8.219537e-01 
78 1561 2.482619e-01 8.178369e-01 9.463067e-04 9.463067e-04 1.760011e-03 1.881063e-03 4.577507e-03 9.353298e-03 9.769161e-03 1.585090e-02 1.684233e-02 1.753917e-02 1.807987e-02 1.973045e-02 2.724292e-02 4.674881e-02 6.040622e-02 6.479475e-02 6.803036e-02 7.083728e-02 8.870437e-02 1.943393e-01 2.665145e-01 2.939676e-01 4.837199e-01 8.178369e-01 
79 1581 2.404504e-01 8.125312e-01 9.407919e-04 9.407919e-04 1.753909e-03 1.882169e-03 4.592803e-03 9.307954e-03 9.760930e-03 1.578571e-02 1.682352e-02 1.750538e-02 1.802934e-02 1.969818e-02 2.719952e-02 4.662663e-02 6.011394e-02 6.443586e-02 6.783673e-02 7.070778e-02 8.829170e-02 1.936089e-01 2.676802e-01 2.930832e-01 4.884126e-01 8.125312e-01 
80 1601 2.344631e-01 8.103990e-01 9.411044e-04 9.411044e-04 1.750148e-03 1.874301e-03 4.639597e-03 9.329465e-03 9.761455e-03 1.573240e-02 1.681567e-02 1.747615e-02 1.798753e-02 1.959664e-02 2.718670e-02 4.644689e-02 6.002273e-02 6.436666e-02 6.836466e-02 7.062391e-02 8.838929e-02 1.946562e-01 2.691132e-01 2.918181e-01 4.881925e-01 8.103990e-01 
81 1621 2.262996e-01 8.063087e-01 9.383163e-04 9.383163e-04 1.740278e-03 1.879852e-03 4.665299e-03 9.348760e-03 9.797506e-03 1.567482e-02 1.685754e-02 1.744972e-02 1.790974e-02 1.957098e-02 2.710115e-02 4.621455e-02 6.004282e-02 6.418832e-02 6.813303e-02 7.067326e-02 8.831405e-02 1.952616e-01 2.699373e-01 2.901647e-01 4.933535e-01 8.063087e-01 
82 1641 2.264248e-01 8.020039e-01 9.337348e-04 9.337348e-04 1.750214e-03 1.868641e-03 4.673926e-03 9.314003e-03 9.907128e-03 1.560695e-02 1.684515e-02 1.743501e-02 1.799169e-02 1.951837e-02 2.711963e-02 4.598757e-02 5.986390e-02 6.433960e-02 6.862729e-02 7.029162e-02 8.893364e-02 1.941906e-01 2.691271e-01 2.898432e-01 4.918166e-01 8.020039e-01 
83 1661 2.351133e-01 8.000733e-01 9.296641e-04 9.296641e-04 1.745215e-03 1.859480e-03 4.728163e-03 9.258789e-03 9.903258e-03 1.552791e-02 1.680565e-02 1.733136e-02 1.806436e-02 1.952413e-02 2.733524e-02 4.569909e-02 5.943628e-02 6.444790e-02 6.859146e-02 7.040659e-02 8.852287e-02 1.931328e-01 2.682112e-01 2.891402e-01 4.950337e-01 8.000733e-01 
84 1681 2.343957e-01 7.976367e-01 9.261704e-04 9.261704e-04 1.741943e-03 1.855445e-03 4.733037e-03 9.220177e-03 9.966535e-03 1.546667e-02 1.677261e-02 1.721045e-02 1.804923e-02 1.951228e-02 2.726516e-02 4.569017e-02 5.919705e-02 6.466036e-02 6.882336e-02 7.036454e-02 8.829807e-02 1.943417e-01 2.683495e-01 2.884953e-01 4.921872e-01 7.976367e-01 
85 1701 2.332679e-01 7.952109e-01 9.217325e-04 9.217325e-04 1.747184e-03 1.843844e-03 4.734961e-03 9.200752e-03 1.006228e-02 1.540131e-02 1.681043e-02 1.715417e-02 1.800423e-02 1.942017e-02 2.720687e-02 4.557003e-02 5.889054e-02 6.475721e-02 6.877120e-02 7.048502e-02 8.847778e-02 1.946432e-01 2.676804e-01 2.868436e-01 4.971771e-01 7.952109e-01 
86 1721 2.299637e-01 7.918654e-01 9.195345e-04 9.195345e-04 1.738760e-03 1.837603e-03 4.793092e-03 9.179921e-03 1.010587e-02 1.530824e-02 1.686891e-02 1.717480e-02 1.791030e-02 1.929961e-02 2.719576e-02 4.537182e-02 5.883550e-02 6.448027e-02 6.842324e-02 7.086201e-02 8.919168e-02 1.953524e-01 2.670305e-01 2.852885e-01 4.949689e-01 7.918654e-01 
87 1741 2.225040e-01 7.886281e-01 9.140993e-04 9.140993e-04 1.735513e-03 1.831510e-03 4.809439e-03 9.116185e-03 1.014735e-02 1.521369e-02 1.681875e-02 1.709137e-02 1.785291e-02 1.921752e-02 2.713799e-02 4.513009e-02 5.848166e-02 6.427009e-02 6.824205e-02 7.088443e-02 8.891593e-02 1.958788e-01 2.657487e-01 2.846313e-01 4.954660e-01 7.886281e-01 
88 1761 2.213293e-01 7.849532e-01 9.132822e-04 9.132822e-04 1.731376e-03 1.827851e-03 4.828204e-03 9.063989e-03 1.018545e-02 1.512790e-02 1.680682e-02 1.708980e-02 1.796791e-02 1.926015e-02 2.706682e-02 4.491517e-02 5.901364e-02 6.387229e-02 6.886409e-02 7.072089e-02 8.890199e-02 1.972796e-01 2.649124e-01 2.865709e-01 4.926123e-01 7.849532e-01 
89 1781 2.169096e-01 7.823070e-01 9.111715e-04 9.111715e-04 1.727004e-03 1.823200e-03 4.805254e-03 9.027271e-03 1.025879e-02 1.505005e-02 1.687346e-02 1.699683e-02 1.800110e-02 1.920459e-02 2.709828e-02 4.469681e-02 5.929057e-02 6.356597e-02 6.888553e-02 7.048965e-02 8.902667e-02 1.972551e-01 2.649013e-01 2.869217e-01 4.915046e-01 7.823070e-01 
90 1801 2.183947e-01 7.793260e-01 9.084793e-04 9.084793e-04 1.722203e-03 1.813728e-03 4.807131e-03 8.978766e-03 1.037376e-02 1.499283e-02 1.685489e-02 1.707617e-02 1.804942e-02 1.920162e-02 2.696472e-02 4.444404e-02 5.932537e-02 6.310487e-02 6.922608e-02 7.027501e-02 8.863788e-02 1.983309e-01 2.639654e-01 2.855236e-01 4.894578e-01 7.793260e-01 
91 1821 2.159183e-01 7.742310e-01 9.030400e-04 9.030400e-04 1.722169e-03 1.821047e-03 4.795208e-03 9.016499e-03 1.037921e-02 1.502029e-02 1.683334e-02 1.702418e-02 1.797441e-02 1.930165e-02 2.680757e-02 4.439370e-02 5.893831e-02 6.278888e-02 6.906213e-02 7.017973e-02 8.847409e-02 1.983873e-01 2.634484e-01 2.846348e-01 4.896821e-01 7.742310e-01 
92 1841 2.195315e-01 7.711588e-01 9.008919e-04 9.008919e-04 1.714307e-03 1.815251e-03 4.798907e-03 9.162303e-03 1.043072e-02 1.495380e-02 1.685284e-02 1.722883e-02 1.792027e-02 1.932910e-02 2.668435e-02 4.420300e-02 5.883233e-02 6.257366e-02 6.899037e-02 7.102247e-02 8.856311e-02 1.978081e-01 2.618833e-01 2.860953e-01 4.878126e-01 7.711588e-01 
93 1861 2.190405e-01 7.693171e-01 8.972363e-04 8.972363e-04 1.716248e-03 1.818620e-03 4.788157e-03 9.135848e-03 1.042180e-02 1.486567e-02 1.680490e-02 1.731495e-02 1.792471e-02 1.937716e-02 2.654046e-02 4.427357e-02 5.869819e-02 6.246773e-02 6.891641e-02 7.126008e-02 8.797972e-02 1.973593e-01 2.614519e-01 2.855558e-01 4.845281e-01 7.693171e-01 
94 1881 2.110277e-01 7.659654e-01 8.929064e-04 8.929064e-04 1.707234e-03 1.821950e-03 4.774398e-03 9.178336e-03 1.038731e-02 1.481160e-02 1.675438e-02 1.731922e-02 1.789383e-02 1.937122e-02 2.652752e-02 4.407111e-02 5.863377e-02 6.216679e-02 6.914083e-02 7.133848e-02 8.824328e-02 1.966289e-01 2.600574e-01 2.839923e-01 4.833848e-01 7.659654e-01 
95 1901 2.030203e-01 7.634520e-01 8.936286e-04 8.936286e-04 1.702655e-03 1.813962e-03 4.774943e-03 9.173008e-03 1.040230e-02 1.475865e-02 1.669680e-02 1.722610e-02 1.788113e-02 1.930747e-02 2.648118e-02 4.394762e-02 5.848738e-02 6.215725e-02 6.866011e-02 7.105226e-02 8.779611e-02 1.965874e-01 2.593439e-01 2.846947e-01 4.812897e-01 7.634520e-01 
96 1921 1.985214e-01 7.586297e-01 8.917810e-04 8.917810e-04 1.699429e-03 1.807561e-03 4.783023e-03 9.139230e-03 1.041515e-02 1.471728e-02 1.662503e-02 1.718947e-02 1.780779e-02 1.924753e-02 2.642577e-02 4.367428e-02 5.861247e-02 6.205158e-02 6.830355e-02 7.132760e-02 8.756216e-02 1.959390e-01 2.593526e-01 2.846575e-01 4.810603e-01 7.586297e-01 
97 1941 1.988415e-01 7.559484e-01 8.932464e-04 8.932464e-04 1.697204e-03 1.803893e-03 4.753018e-03 9.213939e-03 1.038899e-02 1.463409e-02 1.669011e-02 1.723476e-02 1.782030e-02 1.914923e-02 2.640282e-02 4.350137e-02 5.847278e-02 6.286265e-02 6.828822e-02 7.152757e-02 8.748329e-02 1.952527e-01 2.595449e-01 2.863726e-01 4.803762e-01 7.559484e-01 
98 1961 1.996652e-01 7.506708e-01 8.915427e-04 8.915427e-04 1.699456e-03 1.795838e-03 4.737199e-03 9.271771e-03 1.034572e-02 1.460890e-02 1.659110e-02 1.724612e-02 1.779490e-02 1.918937e-02 2.635949e-02 4.329655e-02 5.835862e-02 6.336519e-02 6.830379e-02 7.167131e-02 8.781219e-02 1.946649e-01 2.591682e-01 2.854411e-01 4.810553e-01 7.506708e-01 
99 1981 2.083110e-01 7.474474e-01 8.911998e-04 8.911998e-04 1.714865e-03 1.786963e-03 4.718178e-03 9.243495e-03 1.029082e-02 1.468175e-02 1.657703e-02 1.727447e-02 1.772344e-02 1.917858e-02 2.625509e-02 4.323580e-02 5.809780e-02 6.361425e-02 6.853105e-02 7.193056e-02 8.734734e-02 1.936373e-01 2.616379e-01 2.858971e-01 4.800375e-01 7.474474e-01 
100 2001 2.181449e-01 7.426246e-01 8.880052e-04 8.880052e-04 1.712438e-03 1.778751e-03 4.712559e-03 9.259248e-03 1.033011e-02 1.458736e-02 1.658743e-02 1.719899e-02 1.764881e-02 1.921579e-02 2.621780e-02 4.313402e-02 5.801758e-02 6.406865e-02 6.902898e-02 7.242540e-02 8.791237e-02 1.934973e-01 2.620336e-01 2.857458e-01 4.809651e-01 7.426246e-01 
